10
0       6       15      0       3       0       0       0       0       0
6       0       7       0       0       2       4       0       0       0
15      7       0       0       11      0       3       3       9       0
0       0       0       0       0       19      0       6       10      7
3       0       11      0       0       0       0       0       8       11
0       2       0       19      0       0       1       0       0       0
0       4       3       0       0       1       0       9       0       0
0       0       3       6       0       0       9       0       9       0
0       0       9       10      8       0       0       9       0       2
0       0       0       7       11      0       0       0       2       0


